29.87514583417105
14.549275341529032
6.7151434480038645
2.7558898939310055
0.7948556162270108
0.14089942469868788
0.5551026941201265
0.7079571536696037
0.7333542322587157
0.6997387589735382
0.6417049874182652
0.5763906732863653
0.5119764922267649
0.4520865320417222
0.3980614113478218
0.3501279670945898
0.30799721174360073
0.27116657539442457
0.2390696478769314
0.21114767008929647
0.18688121665360669
0.1658019277205014
0.1474945084110395
0.13159421984437003
0.11778250236532983
0.10578203934539587
0.09535188631657832
0.08628294240951462
0.07839386675441062
0.07152745746229883
0.0655474713977604
0.0603358466222339
0.055790284483880015
0.05182214888803571
0.048354643261021124
0.045321229598069834
0.042664258017506285
0.04033377908779556
0.038286514704516605
0.03648496643118193
0.03489664298286144
0.033493390955047886
0.03225081500938032
0.031147775564942748
0.030165953637986576
0.029289473854131387
0.028504577858136315
0.02779934138315099
0.027163429143595152
0.026587882494812476
0.026064935478945728
0.02558785546236564
0.025150805076648908
0.02474872261558758
0.024377218420081448
0.024032485114318547
0.0237112198409406
0.023410556891132472
0.023128009340108946
0.022861418484183105
0.022608910035806673
0.02236885617407225
0.022139842666966558
0.02192064038808539
0.02171018063978991
0.021507533774265397
0.021311890671448452
0.021122546691920263
0.020938887774224924
0.020760378389088174
0.020586551103534134
0.020416997538546866
0.020251360534750518
0.020089327364303244
0.019930623849063522
0.019775009264300536
0.01962227192247923
0.01947222534658266
0.019324704953760374
0.01917956518166619
0.019036676997892243
0.018895925741126973
0.018757209250651385
0.018620436244219718
0.018485524912478013
0.01835240170006358
0.01822100024901374
0.018091260482478333
0.017963127810048718
0.01783655243855975
0.01771148877424622
0.017587894904039558
0.01746573214523295
0.017344964655038098
0.017225559090967124
0.017107484316497334
0.016990711144913462
0.016875212116922
0.016760961307312527
0.016647934156544864
0.016536107324434113
0.016425458562714823
0.0163159666037771
0.016207611063933314
0.01610037235877826
0.01599423162938507
0.015889170677660047
0.015785171909847406
0.01568221828704708
0.01558029328145949
0.015479380838485213
0.015379465342746812
0.015280531588686586
0.015182564753963845
0.015085550376426227
0.014989474333461317
0.014894322823352013
0.014800082349132992
0.014706739703747473
0.014614281956752961
0.014522696442625715
0.014431970749797074
0.01434209271093323
0.014253050394088973
0.014164832094493818
0.014077426327105513
0.01399082181970357
0.013905007506572531
0.013819972522483681
0.013735706197230968
0.01365219805047957
0.013569437787005256
0.013487415291798754
0.013406120626179074
0.013325544023359726
0.013245675884704156
0.013166506775931452
0.013088027423670212
0.013010228711891614
0.012933101678726189
0.012856637513202429
0.012780827552361984
0.012705663278147483
0.01263113631456747
0.012557238425088713
0.012483961509715868
0.012411297602476168
0.01233923886898225
0.012267777603689467
0.01219690622776426
0.012126617286575936
0.012056903447316358
0.01198775749701042
0.011919172340057571
0.011851140996135712
0.0117836565982401
0.011716712390516193
0.011650301726163548
0.01158441806561683
0.011519054974549192
0.011454206121968014
0.011389865278324862
0.011326026313767557
0.011262683196356704
0.011199829990133026
0.011137460853717585
0.011075570038300953
0.011014151886286072
0.010953200829447951
0.01089271138747705
0.010832678166252663
0.010773095856478676
0.010713959232255377
0.01065526314929599
0.01059700254381113
0.010539172430746646
0.010481767902824402
0.010424784128765907
0.010368216352190984
0.010312059890246417
0.010256310132213287
0.01020096253844116
0.010146012638848845
0.010091456031958046
0.010037288383493603
0.00998350542533899
0.009930102954243125
0.009877076830903775
0.009824422978532255
0.009772137382071833
0.009720216087025335
0.009668655198140641
0.009617450878927514
0.009566599350030458
0.009516096888710024
0.009465939827606462
0.009416124553794702
0.009366647507988546
0.009317505183339847
0.009268694124912713
0.009220210928482686
0.009172052239705408
0.009124214753313709
0.009076695212435482
0.009029490407343133
0.008982597175041462
0.008936012398308435
0.008889733004799893
0.00884375596655218
0.008798078298973167
0.008752697060174341
0.00870760935024606
0.008662812310731738
0.008618303123469673
0.008574079010351454
0.008530137232376944
0.008486475089227952
0.008443089918280577
0.008399979094249943
0.0083571400284157
0.008314570168096225
0.008272266995874133
0.00823022802924811
0.00818845081990105
0.0081469329529682
0.008105672046838208
0.00806466575222231
0.008023911751962487
0.007983407760114858
0.007943151521885738
0.00790314081260135
0.007863373437515975
0.00782384723141405
0.007784560057736201
0.007745509808479767
0.007706694403601944
0.007668111790266607
0.007629759942958003
0.007591636862514406
0.007553740576049961
0.0075160691362654575
0.00747862062113569
0.007441393133674978
0.007404384800970831
0.007367593774574743
0.00733101822942217
0.007294656363846741
0.0072585063989834
0.007222566578619194
0.007186835168440098
0.007151310456301019
0.007115990751060508
0.0070808743830284016
0.007045959703013693
0.007011245082473749
0.006976728912739816
0.006942409605080968
0.006908285590043306
0.0068743553174428484
0.006840617255882364
0.0068070698923961
0.006773711732492416
0.006740541299443237
0.006707557134134845
0.006674757795053665
0.006642141857525985
0.006609707913874274
0.0065774545730405976
0.0065453804600963394
0.00651348421632747
0.006481764498737164
0.006450219979974747
0.006418849347809896
0.006387651305303166
0.006356624570322822
0.006325767875217991
0.006295079966783135
0.006264559606044884
0.0062342055679351915
0.0062040166410639586
0.006173991627605346
0.006144129343056193
0.006114428616058376
0.0060848882879867006
0.006055507213226008
0.006026284258382475
0.005997218302596252
0.0059683082370796114
0.00593955296503168
0.005910951401396858
0.005882502472694284
0.005854205117053368
0.005826058283652458
0.005798060932889371
0.005770212036040334
0.005742510575160509
0.0057149555429560905
0.005687545942578254
0.0056602807873673555
0.005633159101009255
0.0056061799169384585
0.0055793422787076
0.005552645239426113
0.005526087861838391
0.005499669218046677
0.005473388389454215
0.005447244466743939
0.005421236549523201
0.005395363746330872
0.005369625174523662
0.005344019959977686
0.00531854723722347
0.00529320614919726
0.005267995847042073
0.005242915490129008
0.0052179642459080355
0.005193141289659309
0.005168445804642374
0.0051438769817409025
0.005119434019491109
0.0050951161240320175
0.0050709225086862375
0.005046852394237078
0.005022905008807754
0.004999079587328481
0.004975375371927271
0.004951791611674139
0.00492832756228978
0.004904982486507947
0.004881755653364905
0.004858646338739447
0.004835653824827091
0.004812777400225343
0.0047900163598413315
0.004767370004749694
0.004744837642284949
0.004722418585707544
0.00470011215418964
0.004677917672957221
0.004655834473027198
0.004633861891043978
0.0046119992694144685
0.004590245956109129
0.004568601304505648
0.00454706467380106
0.0045256354280738265
0.004504312937179122
0.004483096575761181
0.0044619857241059435
0.004440979767267095
0.004420078095570545
0.004399280104266268
0.0043785851932724995
0.004357992767914709
0.00433750223784557
0.004317113017677343
0.0042968245267474
0.004276636188784266
0.004256547432426316
0.004236557690589393
0.004216666400715496
0.004196873004801205
0.0041771769489358235
0.0041575776837206035
0.004138074663920577
0.004118667348670613
0.0040993552010064604
0.004080137688269758
0.004061014281738551
0.004041984456890191
0.00402304769285422
0.004004203473073176
0.0039854512845280965
0.003966790618250116
0.0039482209688870284
0.003929741835030143
0.003911352718773742
0.0038930531261627266
0.003874842566396808
0.003856720552732895
0.0038386866016679733
0.0038207402333867435
0.0038028809713708256
0.0037851083425977095
0.003767421877583388
0.003749821109856555
0.0037323055766265156
0.0037148748181436986
0.0036975283779483448
0.0036802658028562973
0.003663086642816893
0.0036459904508348018
0.0036289767832755615
0.003612045199290037
0.0035951952612194304
0.003578426534325274
0.0035617385870736484
0.0035451309906022743
0.003528603319061574
0.003512155149614671
0.003495786062167383
0.0034794956394677
0.0034632834670418333
0.003447149133194216
0.003431092229170929
0.003415112348541527
0.0033992090879380044
0.0033833820465005715
0.0033676308259913412
0.0033519550307872237
0.003336354267943875
0.0033208281469541134
0.0033053762800037134
0.00328999828160903
0.003274693768872794
0.0032594623613775298
0.0032443036810718695
0.003229217352526348
0.0032142030023365464
0.003199260259833636
0.0031843887564804163
0.0031695881261768477
0.003154858005146366
0.0031401980316871914
0.003125607846719447
0.003111087093060405
0.003096635415992921
0.003082252462860424
0.003067937883251659
0.0030536913289722634
0.003039512453710813
0.003025400913678311
0.003011356367011331
0.0029973784738004383
0.0029834668962820388
0.0029696212989591686
0.002955841348061483
0.002942126711985793
0.002928477061139745
0.002914892067941821
0.002901371406565545
0.0028879147533658056
0.0028745217864951655
0.0028611921861383394
0.0028479256342706094
0.002834721814792829
0.0028215804134674727
0.0028085011179541652
0.0027954836175752007
0.002782527603812923
0.0027696327695210243
0.0027567988096564022
0.0027440254209167847
0.0027313123016483587
0.002718659152023406
0.0027060656738981947
0.0026935315709053498
0.002681056548425431
0.0026686403133098224
0.0026562825743923213
0.0026439830419064947
0.002631741428018586
0.002619557446131182
0.002607430811785605
0.0025953612416387273
0.0025833484543582586
0.002571392169791409
0.0025594921098388568
0.0025476479976020983
0.0025358595578381937
0.0025241265169171356
0.0025124486025731585
0.0025008255443594862
0.002489257072980422
0.002477742920852677
0.0024662828218282584
0.0024548765112797355
0.0024435237258870757
0.0024322242039289677
0.0024209776851549236
0.002409783910579222
0.00239864262278644
0.002387553565760925
0.0023765164847660003
0.002365531126571341
0.002354597239282441
0.002343714572354827
0.002332882876679321
0.0023221019043973
0.002311371409142282
0.002300691145627809
0.002290060870201671
0.0022794803402135244
0.0022689493146259565
0.0022584675534176313
0.0022480348180664578
0.0022376508711587917
0.002227315476702074
0.0022170283998335094
0.0022067894069550675
0.002196598265918226
0.0021864547454768513
0.002176358615912477
0.0021663096485013966
0.002156307615813091
0.002146352291717335
0.0021364434510502406
0.0021265808700761113
0.0021167643261108537
0.0021069935976356646
0.0020972684643112416
0.002087588706991994
0.0020779541076265673
0.0020683644493288966
0.0020588195163142586
0.0020493190939561146
0.0020398629687861103
0.002030450928373284
0.0020210827613027504
0.002011758257559393
0.002002477207923903
0.0019932394043067347
0.0019840446398902145
0.001974892708602738
0.0019657834058364188
0.001956716527615754
0.0019476918713010605
0.0019387092351976776
0.0019297684186909692
0.0019208692220900048
0.0019120114469046712
0.001903194895440663
0.0018944193712044921
0.0018856846786050596
0.0018769906231170808
0.0018683370110466058
0.00185972364995024
0.0018511503481235536
0.001842616914956352
0.0018341231608118846
0.0018256688969131574
0.00181725393562715
0.0018088780899248036
0.0018005411742407773
0.0017922430035000048
0.0017839833936577065
0.001775762161813077
0.0017675791257403262
0.0017594341042297401
0.001751326917052154
0.00174325738468184
0.0017352253287512553
0.0017272305715678726
0.001719272936412608
0.0017113522475540321
0.0017034683299570474
0.0016956210096310542
0.001687810113239152
0.001680035468581309
0.0016722969042461955
0.0016645942493127563
0.0016569273342739166
0.0016492959901270865
0.0016417000488146982
0.001634139342996832
0.0016266137062501684
0.0016191229732100965
0.001611666978824644
0.0016042455591929183
0.0015968585513093103
0.001589505792701118
0.0015821871218264505
0.0015749023780387006
0.0015676514013449605
0.0015604340326405008
0.0015532501134742915
0.0015460994862905864
0.0015389819942868144
0.001531897481399369
0.001524845792395979
0.0015178267726767558
0.0015108402686507816
0.0015038861271676751
0.0014969641960433933
0.0014900743237475922
0.0014832163596025794
0.0014763901535346236
0.001469595556208958
0.001462832419157678
0.0014561005945310512
0.0014493999352183096
0.001442730294840544
0.001436091527672545
0.0014294834888275432
0.0014229060340511523
0.001416359019714264
0.0014098423029622609
0.0014033557418073883
0.0013968991945745302
0.001390472520597541
0.0013840755797929205
0.001377708232688235
0.0013713703405500155
0.0013650617654619168
0.0013587823697349677
0.0013525320169662791
0.0013463105709305978
0.0013401178962269
0.0013339538580581234
0.0013278183224727513
0.0013217111558532224
0.0013156322256122621
0.0013095813993757588
0.0013035585457359389
0.0012975635338179359
0.0012915962332442632
0.0012856565145256127
0.0012797442486629507
0.001273859307083569
0.0012680015622592578
0.0012621708869176018
0.001256367154574889
0.0012505902393087354
0.0012448400156728212
0.0012391163592013754
0.0012334191455991572
0.0012277482513525229
0.0012221035535233682
0.0012164849298841318
0.0012108922585625237
0.0012053254184962725
0.0011997842890210109
0.0011942687502113358
0.001188778682518432
0.0011833139672035031
0.0011778744859327617
0.0011724601209337493
0.0011670707551374448
0.0011617062719082583
0.001156366555136401
0.0011510514894652601
0.0011457609598295448
0.0011404948520237213
0.0011352530519275206
0.0011300354464935936
0.0011248419229161755
0.0011196723688868815
0.0011145266727865533
0.0011094047235147286
0.0011043064103759548
0.001099231623307162
0.0010941802527639766
0.001089152189599929
0.001084147325457252
0.0010791655521913412
0.0010742067623894513
0.0010692708489372649
0.0010643577055873266
0.0010594672261774463
0.0010545993053412417
0.001049753838053391
0.001044930719892534
0.0010401298468281084
0.0010353511155329898
0.001030594422807951
0.0010258596663348385
0.0010211467440015554
0.0010164555544491805
0.0010117859964324794
0.001007137969445182
0.001002511373435766
0.000997906108793245
0.0009933220763613804
0.0009887591774884186
0.0009842173139418264
0.0009796963880006615
0.000975196302370307
0.0009707169603032639
0.000966258265293618
0.0009618201216383682
0.0009574024336913567
0.0009530051066093392
0.0009486280457053908
0.0009442711570528672
0.0009399343468743382
0.0009356175219892293
0.0009313205895438159
0.000927043457345178
0.000922786033406453
0.0009185482262594746
0.0009143299448979292
0.0009101310987276179
0.0009059515974811916
0.0009017913515663167
0.0008976502714475032
0.0008935282684205959
0.0008894252538809155
0.0008853411397566902
0.0008812758385019492
0.0008772292627270417
0.000873201325681805
0.0008691919408576609
0.0008652010223784146
0.0008612284845099794
0.0008572742420511759
0.0008533382102910991
0.0008494203047604287
0.0008455204414374862
0.0008416385366558643
0.000837774507282063
0.000833928270459694
0.000830099743787116
0.0008262888450047967
0.0008224954926561168
0.0008187196054834089
0.00081496110237822
0.0008112199029497447
0.0008074959270061299
0.0008037890948955351
0.0008000993270229628
0.0007964265444613261
0.0007927706686245983
0.000789131621111494
0.000785509324089162
0.0007819036999734408
0.0007783146716136002
0.0007747421621076
0.0007711860950720961
0.0007676463942871692
0.0007641229841581776
0.0007606157891615339
0.0007571247343776122
0.0007536497450075785
0.00075019074676419
0.0007467476655875771
0.0007433204279436723
0.0007399089604405162
0.0007365131901480026
0.0007331330444770856
0.0007297684511584634
0.0007264193382212625
0.0007230856340569858
0.000719767267398197
0.000716464167332731
0.0007131762633463268
0.0007099034849602504
0.0007066457623636779
0.0007034030260228974
0.0007001752064823563
0.000696962234847831
0.0006937640425022096
0.000690580561112597
0.0006874117226587373
0.0006842574594401185
0.0006811177041186056
0.0006779923895834372
0.0006748814492709698
0.000671784816518084
0.0006687024253437812
0.0006656342098452228
0.0006625801046524771
0.0006595400443956123
0.0006565139644365559
0.0006535017999453885
0.000650503486674836
0.0006475189607471066
0.0006445481583270407
0.0006415910161408078
0.0006386474710495804
0.0006357174602271698
0.0006328009211955532
0.000629897791711187
0.0006270080098360609
0.0006241315140087522
0.0006212682429165284
0.0006184181352111295
0.0006155811303756309
0.0006127571678149479
0.0006099461873532164
0.0006071481290277347
0.0006043629331458078
0.0006015905404055388
0.0005988308916755614
0.0005960839280803043
0.0005933495911776276
0.0005906278225182859
0.0005879185643209439
0.0005852217586124198
0.0005825373480092821
0.0005798652754265277
0.0005772054837720475
0.0005745579164084802
0.0005719225169897868
0.0005692992292694043
0.0005666879975549932
0.0005640887659126292
0.0005615014792610395
0.0005589260824550024
0.0005563625203990341
0.0005538107388503022
0.0005512706832035974
0.0005487422994363556
0.0005462255337889133
0.0005437203325087125
0.0005412266424826839
0.0005387444104627548
0.0005362735836698107
0.0005338141094242133
0.0005313659354797551
0.0005289290096683885
0.0005265032800494396
0.0005240886951440871
0.0005216852034877206
0.0005192927538715253
0.0005169112954561683
0.0005145407775870581
0.000512181149844082
0.0005098323619634471
0.0005074943639371554
0.000505167106133797
0.0005028505389148563
0.0005005446130752489
0.0004982492796017368
0.0004959644896018744
0.0004936901945242766
0.0004914263459738777
0.0004891728957829855
0.0004869297960894414
0.000484696999151879
0.000482474457562887
0.0004802621238439997
0.0004780599512272943
0.0004758678928240556
0.0004736859018876771
0.0004715139322186701
0.00046935193742569936
0.00046719987178533984
0.0004650576893894254
0.0004629253447845372
0.00046080279263094326
0.0004586899877807582
0.00045658688542005166
0.000454493440763315
0.00045240960935899466
0.00045033534684080223
0.0004482706093114075
0.0004462153528095314
0.0004441695335870577
0.0004421331083506175
0.00044010603367183876
0.00043808826654156974
0.00043607976405724
0.00043408048367865604
0.0004320903829011513
0.00043010941931242996
0.0004281375510259977
0.000426174736034568
0.00042422093267191485
0.0004222760994494479
0.00042034019516279386
0.000418413178515209
0.0004164950087641728
0.0004145856450676888
0.0004126850469248211
0.00041079317399095316
0.00040890998608489326
0.0004070354432101908
0.0004051695055480309
0.0004033121335140777
0.0004014632878366342
0.00039962292905926233
0.000397791018158955
0.0003959675162406029
0.00039415238470041913
0.0003923455849275115
0.0003905470785809939
0.00038875682751182694
0.00038697479374860677
0.00038520093944072187
0.0003834352269933561
0.00038167761885432583
0.00037992807781250804
0.0003781865666425688
0.0003764530485312889
0.0003747274866654493
0.00037300984429577966
0.000371300085227233
0.00036959817295922903
0.0003679040714956727
0.0003662177448688908
0.00036453915738121623
0.0003628682733207711
0.0003612050572812109
0.0003595494740977756
0.00035790148849912384
0.00035626106566866156
0.00035462817061926444
0.00035300276895355864
0.00035138482609653465
0.0003497743077005566
0.00034817117968799494
0.00034657540804516884
0.0003449869589005061
0.0003434057986240191
0.00034183189357861465
0.000340265210631685
0.00033870571637351077
0.0003371533777993818
0.0003356081619614315
0.0003340700362031157
0.0003325389677399926
0.0003310149242992111
0.000329497873522655
0.0003279877832014222
0.0003264846213681949
0.0003249883561906586
0.0003234989559715018
0.0003220163889849914
0.000320540624016985
0.0003190716297396534
0.00031760937486779994
0.00031615382868466213
0.0003147049600755736
0.0003132627385014075
0.00031182713338751
0.00031039811429423025
0.0003089756509666586
0.00030755971322093956
0.0003061502709797992
0.0003047472945851837
0.000303350754258247
0.000301960620319619
0.00030057686338835765
0.00029919945405509907
0.0002978283632728562
0.0002964635619733258
0.000295105021230313
0.0002937527122170991
0.0002924066063059172
0.0002910666750963742
0.00028973289009570635
0.0002884052230953671
0.00028708364595075864
0.00028576813067360263
0.00028445864951720523
0.0002831551745430261
0.0002818576783525373
0.0002805661333553644
0.00027928051220271755
0.0002780007877021262
0.0002767269328600719
0.0002754589204982949
0.000274196723843545
0.0002729403163428401
0.00027168967116608655
0.0002704447618953054
0.0002692055622688372
0.0002679720458900192
0.0002667441868595688
0.00026552195905082954
0.00026430533657162414
0.0002630942937145164
0.0002618888048431245
0.00026068884443475326
0.00025949438709460537
0.00025830540755578113
0.0002571218806082243
0.00025594378130477935
0.0002547710845632878
0.00025360376564975695
0.0002524417998799322
0.00025128516261219147
0.0002501338293612321
0.00024898777587623044
0.00024784697775714903
0.0002467114109379054
0.0002455810513666279
0.00024445587519750234
0.00024333585853497652
0.00024222097764692307
0.00024111120914938056
0.0002400065292889053
0.000238906914916015
0.0002378123425899048
0.0002367227892747792
0.00023563823192773725
0.00023455864745614008
0.00023348401321499068
0.00023241430635323468
0.00023134950430403478
0.00023028958444371028
0.0002292345245464844
0.00022818430198867645
0.00022713889483583216
0.0002260982808479639
0.00022506243804087944
0.0002240313445511788
0.0002230049784728294
0.00022198331815559413
0.0002209663419208141
0.00021995402843089096
0.00021894635610664182
0.00021794330374547144
0.00021694485008083575
0.00021595097398119378
0.00021496165449264026
0.00021397687056179393
0.00021299660156159916
0.00021202082666604838
0.00021104952519124254
0.0002100826766380237
0.0002091202605640774
0.0002081622566620922
0.00020720864466028388
0.00020625940427265732
0.00020531451565375392
0.00020437395859573826
0.00020343771343789285
0.00020250576019265054
0.00020157807928455895
0.00020065465098184632
0.0001997354559293285
0.00019882047449470974
0.00019790968751465243
0.00019700307566239417
0.00019610061971064852
0.00019520230068792443
0.0001943080995516766
0.0001934179974938388
0.00019253197550028744
0.00019165001493348655
0.00019077209730511413
0.00018989820387815826
0.0001890283162069295
0.000188162415987847
0.0001873004848249593
0.00018644250452126698
0.0001855884570503008
0.0001847383242363776
0.000183892088116977
0.00018304973093563603
0.00018221123470141265
0.0001813765818496904
0.00018054575473058776
0.00017971873559474716
0.0001788955072967724
0.00017807605217257105
0.0001772603530412198
0.00017644839249442157
0.00017564015363547014
0.00017483561922659874
0.00017403477225030883
0.00017323759583121046
0.00017244407320049504
0.00017165418741882377
0.00017086792194476175
0.00017008526010187097
0.0001693061852847677
0.000168530681300183
0.00016775873144325715
0.00016699031958467003
0.00016622542948852015
0.0001654640449473277
0.00016470614981045628
0.0001639517282043812
0.00016320076408504747
0.0001624532416926172
0.00016170914513935486
0.00016096845880042565
0.00016023116693020256
0.0001594972540246431
0.00015876670449443964
0.00015803950302739622
0.0001573156342331572
0.00015659508274978862
0.00015587783342851935
0.00015516387106373486
0.00015445318066298341
0.00015374574711302103
0.0001530415555848208
0.0001523405910575093
0.00015164283889390617
0.00015094828418682482
0.00015025691249803685
0.00014956870892035568
0.00014888365918608315
0.00014820174868646063
0.00014752296308273571
0.00014684728802905056
0.0001461747092506016
0.00014550521250811244
0.00014483878369730974
0.00014417540879918533
0.00014351507368814964
0.00014285776451572474
0.000142203467405011
0.00014155216849331964
0.0001409038539676999
0.0001402585102852072
0.00013961612374657761
0.00013897668076623404
0.00013834016783675906
0.00013770657162126554
0.00013707587861944148
0.00013644807557966487
0.00013582314928584083
0.0001352010864579256
0.00013458187391535148
0.0001339654987688732
0.00013335194780950133
0.00013274120828299374
0.0001321332671153641
0.00013152811161631917
0.00013092572885398113
0.0001303261062872707
0.00012972923113352408
0.00012913509083745112
0.00012854367284376167
0.00012795496463979816
0.00012736895391896041
0.00012678562815438
0.00012620497507498385
0.00012562698248785864
0.00012505163822851273
0.00012447893001166221
0.0001239088457865023
0.00012334137363012587
0.0001227765014277793
0.00012221421737734772
0.00012165450944934264
0.00012109736603349575
0.00012054277518558365
0.00011999072534507604
0.00011944120479512321
0.00011889420188282429
0.0001183497051613358
0.00011780770311986544
0.00011726818426183172
0.00011673113725407802
0.0001161965507634477
0.000115664413421257
0.00011513471410751208
0.0001146074416382703
0.00011408258479406186
0.00011356013261121234
0.00011304007399104421
0.00011252239794146135
0.00011200709357694905
0.00011149415008304686
0.00011098355652450209
0.00011047530217211943
0.00010996937632512527
0.00010946576827564058
0.00010896446742947319
0.00010846546315690375
0.0001079687449703215
0.00010747430236790478
0.00010698212493309711
0.00010649220229907996
0.00010600452402798055
0.00010551907995193233
0.00010503585981069818
0.00010455485340798987
0.00010407605048357027
0.00010359944105431396
0.00010312501505183036
0.00010265276232956921
0.00010218267316020047
0.00010171473752507154
0.0001012489453628973
0.00010078528718793223
0.00010032375296020746
9.986433307318521e-05
9.940701783506256e-05
9.89517973977172e-05
9.849866241040672e-05
9.804760318132821e-05
9.75986102105253e-05
9.715167414725556e-05
9.670678533524324e-05
9.626393462269789e-05
9.582311244571429e-05
9.538430968802913e-05
9.49475169917946e-05
9.451272521232568e-05
9.407992507703966e-05
9.364910757625466e-05
9.322026352975854e-05
9.27933839278694e-05
9.236845976801078e-05
9.194548212576592e-05
9.152444201276921e-05
9.110533051881475e-05
9.068813890422689e-05
9.027285829432685e-05
8.985947994943899e-05
8.94479952435745e-05
8.903839531626545e-05
8.863067166942074e-05
8.822481565573526e-05
8.782081874869618e-05
8.741867228678757e-05
8.701836796376483e-05
8.6619897267326e-05
8.622325182727764e-05
8.582842323789919e-05
8.543540312899722e-05
8.504418331511943e-05
8.465475541896694e-05
8.426711142561771e-05
8.388124294356203e-05
8.349714192945612e-05
8.311480029021823e-05
8.273420991145031e-05
8.235536282796829e-05
8.197825112432611e-05
8.160286668612571e-05
8.122920169029157e-05
8.085724815742878e-05
8.048699834262152e-05
8.011844450095396e-05
7.975157865303117e-05
7.938639318183505e-05
7.90228804845583e-05
7.866103273101999e-05
7.830084230420198e-05
7.794230175051098e-05
7.758540337476916e-05
7.723013975891035e-05
7.687650327170559e-05
7.652448650219412e-05
7.617408211757493e-05
7.58252826642547e-05
7.547808080943241e-05
7.513246922030703e-05
7.478844056407752e-05
7.444598758610255e-05
7.410510318095476e-05
7.376578004425483e-05
7.342801104925911e-05
7.30917891544891e-05
7.275710711951433e-05
7.242395805207025e-05
7.209233480409694e-05
7.17622303909593e-05
7.143363799144709e-05
7.110655048592207e-05
7.078096103185771e-05
7.045686288620345e-05
7.013424905721877e-05
6.981311285869651e-05
6.949344742679386e-05
6.91752461321471e-05
6.885850221038936e-05
6.854320894689181e-05
6.822935972650157e-05
6.791694788432778e-05
6.760596695443155e-05
6.72964102150786e-05
6.698827126427886e-05
6.668154360056633e-05
6.637622075089666e-05
6.607229619248756e-05
6.576976361571951e-05
6.546861656175906e-05
6.516884883467355e-05
6.487045391168067e-05
6.457342565369117e-05
6.427775770134758e-05
6.398344390845523e-05
6.369047800802718e-05
6.339885376149823e-05
6.310856522162567e-05
6.281960607879e-05
6.25319703502214e-05
6.224565190393605e-05
6.196064472874241e-05
6.167694294845205e-05
6.139454022502377e-05
6.111343101622424e-05
6.083360919006964e-05
6.055506884905526e-05
6.0277804138308966e-05
6.000180926690746e-05
5.972707836576774e-05
5.945360557291224e-05
5.91813852892642e-05
5.8910411617318914e-05
5.864067896510505e-05
5.837218159143731e-05
5.810491384750094e-05
5.783887007027033e-05
5.757404471751215e-05
5.731043221146592e-05
5.7048026846473476e-05
5.6786823208199166e-05
5.652681578283136e-05
5.626799918445613e-05
5.601036772873158e-05
5.575391621448489e-05
5.549863909237729e-05
5.5244531075970826e-05
5.499158674382443e-05
5.473980075265672e-05
5.448916780892432e-05
5.423968273277069e-05
5.399134009564932e-05
5.374413476033624e-05
5.349806155408032e-05
5.325311519044362e-05
5.300929056062387e-05
5.276658247055366e-05
5.252498598196098e-05
5.2284495801302455e-05
5.204510701162235e-05
5.1806814390431555e-05
5.156961302077434e-05
5.1333497985694976e-05
5.109846418349662e-05
5.0864506661696396e-05
5.063162058149828e-05
5.039980087673257e-05
5.016904292887148e-05
4.993934158648017e-05
4.9710692195503725e-05
4.9483089810564707e-05
4.92565298060299e-05
4.903100719388931e-05
4.880651741245856e-05
4.8583055608730774e-05
4.836061709312389e-05
4.813919723289928e-05
4.791879135268573e-05
4.769939469184692e-05
4.748100278106904e-05
4.726361095208631e-05
4.704721451531668e-05
4.6831809214609166e-05
4.661739018274602e-05
4.640395314225998e-05
4.6191493346725565e-05
4.598000654709722e-05
4.576948812484716e-05
4.555993381671897e-05
4.5351339061028284e-05
4.5143699509253565e-05
4.493701075602985e-05
4.4731268530995294e-05
4.4526468357730664e-05
4.432260617193151e-05
4.411967732664834e-05
4.391767783573641e-05
4.3716603386201314e-05
4.351644953715095e-05
4.331721231665142e-05
4.31188874046029e-05
4.2921470694068375e-05
4.272495802126741e-05
4.252934506610018e-05
4.233462801295218e-05
4.214080250619645e-05
4.194786454547739e-05
4.175581012333396e-05
4.156463506888031e-05
4.137433548123681e-05
4.1184907303204454e-05
4.099634647758421e-05
4.080864914612903e-05
4.062181125163988e-05
4.043582896429143e-05
4.0250698248200933e-05
4.006641520248877e-05
3.988297611101643e-05
3.9700376959217465e-05
3.951861395279366e-05
3.93376831411274e-05
3.915758095729416e-05
3.8978303386727475e-05
3.8799846763026835e-05
3.8622207277683174e-05
3.844538122166341e-05
3.826936485040733e-05
3.809415439803843e-05
3.791974636158102e-05
3.7746136847260914e-05
3.757332227394272e-05
3.740129908180734e-05
3.7230063519189116e-05
3.705961205469066e-05
3.6889941071649446e-05
3.672104705998436e-05
3.655292629645146e-05
3.638557546281618e-05
3.621899082872915e-05
3.605316899779609e-05
3.588810650967389e-05
3.572379976191087e-05
3.556024541495617e-05
3.5397439901885264e-05
3.523537993288528e-05
3.507406196234797e-05
3.491348263651162e-05
3.475363858740366e-05
3.459452655363293e-05
3.443614296116948e-05
3.427848466941441e-05
3.412154818249746e-05
3.3965330302976326e-05
3.3809827790776126e-05
3.365503723529173e-05
3.350095548171339e-05
3.3347579183384823e-05
3.319490527076141e-05
3.304293033323802e-05
3.289165130127003e-05
3.274106497030971e-05
3.259116805764961e-05
3.244195758611568e-05
3.2293430329843886e-05
3.214558304875936e-05
3.19984128580586e-05
3.185191642529617e-05
3.170609080171971e-05
3.156093287515205e-05
3.1416439618681125e-05
3.1272607984078604e-05
3.112943481653474e-05
3.098691727387859e-05
3.084505228656553e-05
3.0703836891632363e-05
3.056326803374532e-05
3.0423342828100886e-05
3.0284058276208725e-05
3.0145411550108747e-05
3.0007399502096632e-05
2.9870019503164258e-05
2.973326847666158e-05
2.9597143601733933e-05
2.9461642021999523e-05
2.9326760866865698e-05
2.919249730126694e-05
2.905884839776718e-05
2.8925811491831155e-05
2.879338375549878e-05
2.866156232528283e-05
2.85303444726992e-05
2.8399727369787797e-05
2.8269708352013367e-05
2.8140284769051505e-05
2.8011453643728146e-05
2.788321233992974e-05
2.775555833522958e-05
2.7628488716402444e-05
2.7502000953916195e-05
2.73760923121813e-05
2.72507602048222e-05
2.7126001938881927e-05
2.7001814842719796e-05
2.687819640101452e-05
2.675514395633627e-05
2.6632654815728074e-05
2.651072665571519e-05
2.6389356683864662e-05
2.6268542420382346e-05
2.6148281328630674e-05
2.6028570857761224e-05
2.5909408535085277e-05
2.579079167475129e-05
2.5672718024338792e-05
2.5555184997472224e-05
2.543819005751402e-05
2.532173076019717e-05
2.520580471809808e-05
2.509040948694974e-05
2.4975542494587444e-05
2.4861201538328714e-05
2.47473840602197e-05
2.4634087687047668e-05
2.4521310038494448e-05
2.440904872713645e-05
2.4297301493447776e-05
2.4186065807896284e-05
2.407533945358864e-05
2.3965120078628388e-05
2.3855405324013645e-05
2.374619285916424e-05
2.3637480495608543e-05
2.3529265874344674e-05
2.342154665768703e-05
2.3314320642953135e-05
2.3207585599038794e-05
2.3101339216680117e-05
2.299557927898377e-05
2.2890303569056414e-05
2.2785509855793862e-05
2.2681195979146196e-05
2.2577359686692944e-05
2.2473998754435343e-05
2.2371111079166894e-05
2.226869450794311e-05
2.216674678123809e-05
2.2065265845583326e-05
2.1964249583561468e-05
2.1863695735646616e-05
2.1763602376267954e-05
2.1663967210372448e-05
2.156478815606988e-05
2.146606333752743e-05
2.136779040995407e-05
2.1269967497516973e-05
2.117259237621738e-05
2.1075663134695333e-05
2.097917769816604e-05
2.088313392789587e-05
2.078752996936828e-05
2.069236366963878e-05
2.0597633174190833e-05
2.05033362661311e-05
2.040947115489189e-05
2.031603577279384e-05
2.022302820847699e-05
2.0130446436894545e-05
2.0038288546686545e-05
1.9946552619387603e-05
1.985523663705635e-05
1.9764338773597956e-05
1.9673857046598187e-05
1.958378962996221e-05
1.9494134477326952e-05
1.9404889933127834e-05
1.9316053901263786e-05
1.922762462669425e-05
1.9139600127004996e-05
1.905197871820974e-05
1.8964758496053946e-05
1.8877937499439668e-05
1.8791514079907756e-05
1.870548628346569e-05
1.8619852411916327e-05
1.8534610575215993e-05
1.8449758904637292e-05
1.8365295900935052e-05
1.8281219482219058e-05
1.819752800003016e-05
1.811421971353866e-05
1.803129280375515e-05
1.7948745600904203e-05
1.786657627889099e-05
1.778478321057264e-05
1.7703364548538048e-05
1.7622318679855198e-05
1.754164383527268e-05
1.7461338380542202e-05
1.7381400539306924e-05
1.7301828776794537e-05
1.722262126691021e-05
1.714377634698394e-05
1.706529243250543e-05
1.698716784659382e-05
1.690940092657911e-05
1.6831990045318435e-05
1.6754933589879784e-05
1.6678229918909437e-05
1.6601877341315685e-05
1.6525874457329337e-05
1.645021944796099e-05
1.6374910806860044e-05
1.6299946985043334e-05
1.622532634826257e-05
1.615104736174544e-05
1.6077108391243655e-05
1.6003508001460887e-05
1.5930244543937988e-05
1.5857316419953804e-05
1.5784722364742265e-05
1.5712460537997686e-05
1.5640529518634594e-05
1.556892787846209e-05
1.5497654068497013e-05
1.5426706468701923e-05
1.5356083750361904e-05
1.52857843147558e-05
1.5215806797641562e-05
1.5146149578981749e-05
1.5076811322956019e-05
1.5007790452159497e-05
1.4939085595244705e-05
1.487069535954788e-05
1.4802618132137013e-05
1.4734852619824323e-05
1.4667397380208058e-05
1.4600250885621335e-05
1.453341191393065e-05
1.4466878816676854e-05
1.4400650329093878e-05
1.4334725094045098e-05
1.4269101733077605e-05
1.4203778782473364e-05
1.4138754785619767e-05
1.4074028605648436e-05
1.4009598658049072e-05
1.3945463805953295e-05
1.3881622443534525e-05
1.3818073433924383e-05
1.3754815341826543e-05
1.3691846845631517e-05
1.362916666636238e-05
1.3566773347406524e-05
1.3504665801633564e-05
1.3442842529798327e-05
1.338130230266188e-05
1.3320043841247298e-05
1.3259065809734238e-05
1.3198366936251205e-05
1.3137945913399562e-05
1.3077801582994653e-05
1.3017932566583568e-05
1.2958337670454512e-05
1.2899015572997996e-05
1.2839965030764233e-05
1.2781184892673991e-05
1.2722673837117782e-05
1.2664430620645817e-05
1.2606454099284292e-05
1.2548742979845429e-05
1.2491296061512003e-05
1.2434112143466791e-05
1.2377190010681716e-05
1.2320528504972117e-05
1.2264126368677353e-05
1.22079824791399e-05
1.215209562843711e-05
1.2096464622857184e-05
1.2041088304215464e-05
1.198596543616759e-05
1.1931095002637448e-05
1.1876475767280681e-05
1.1822106586123482e-05
1.176798620150521e-05
1.1714113817618e-05
1.1660487892584115e-05
1.1607107495592572e-05
1.155397147556414e-05
1.1501078752473859e-05
1.1448428132609934e-05
1.1396018614107106e-05
1.1343849024569863e-05
1.1291918205813545e-05
1.1240225148867466e-05
1.118876877370667e-05
1.1137547986095342e-05
1.1086561606532541e-05
1.1035808732628993e-05
1.0985288213305466e-05
1.093499894722072e-05
1.0884939889876932e-05
1.0835110025197991e-05
1.0785508280264366e-05
1.0736133638999945e-05
1.068698499295806e-05
1.0638061411327726e-05
1.058936177855685e-05
1.054088507146389e-05
1.0492630337921582e-05
1.044459649079954e-05
1.0396782506916225e-05
1.0349187469671506e-05
1.0301810334567563e-05
1.0254650071317428e-05
1.0207705727793837e-05
1.0160976266604393e-05
1.011446079957068e-05
1.0068158168508035e-05
1.002206759181945e-05
9.976187975269113e-06
