15.312176670555111
7.115367249905518
2.9681958430827287
0.9099469318678466
0.07597485296243178
0.5159657181781334
0.6819963010472421
0.7140638263470009
0.6837786085174926
0.6273737800612373
0.5628336634461739
0.49877454979001357
0.43904321859633555
0.3850928551151753
0.33720607586356977
0.2951205380164055
0.2583454977014803
0.2263189468222393
0.19848290915563638
0.17431706771767708
0.15335147925145876
0.1351690602747304
0.11940331020008088
0.10573403720522379
0.09388245982676935
0.08360634227529928
0.0746954574326466
0.06696748877505243
0.060264393091117086
0.05444920423397548
0.04940324068373414
0.045023674226438715
0.04122141733823881
0.03791928971379477
0.035050428203263095
0.03255690843816694
0.030388550273194426
0.028501882690250113
0.026859246961947747
0.025428019650373557
0.024179939450764465
0.023090524013479552
0.022138564723338305
0.02130568901804253
0.020575981219018047
0.01993565405290809
0.01937276408747124
0.018876965211418906
0.018439295071907225
0.018051990063639778
0.017708325052886664
0.017402474528914524
0.017129392318970815
0.01688470738425707
0.01666463354758463
0.016465891289811907
0.01628564000182564
0.016121419293853023
0.01597109815179465
0.015832830890900595
0.015705018998374953
0.01558627807756352
0.015475409211703095
0.015371374156124773
0.01527327384745547
0.015180329786019797
0.01509186790757866
0.015007304611444283
0.014926134656739976
0.014847920676849924
0.014772284096210342
0.014698897261325783
0.014627476624177405
0.014557776837058611
0.014489585637029734
0.014422719414532992
0.014357019374621416
0.014292348211348838
0.014228587227357536
0.01416563383808267
0.01410339941052996
0.01404180739054084
0.013980791680957338
0.01392029523623961
0.013860268846073609
0.013800670080605926
0.013741462377637959
0.01368261425177053
0.013624098609142266
0.013565892154375092
0.013507974876652895
0.01345032960447412
0.013392941620637089
0.013335798328149906
0.013278888961337998
0.0132222043355128
0.01316573663044096
0.013109479202526586
0.013053426422501957
0.012997573534917706
0.012941916536192366
0.012886452069587051
0.012831177333900712
0.012776090004727791
0.012721188165997432
0.012666470251396333
0.012611934992946772
0.012557581377130589
0.012503408606733046
0.012449416067887853
0.01239560330172651
0.012341969979615897
0.012288515882239892
0.01223524088113237
0.012182144922988414
0.012129228016213744
0.01207649021906576
0.012023931629656204
0.011971552377559647
0.011919352616075685
0.01186733251608274
0.011815492260765836
0.011763832040600164
0.011712352049855212
0.011661052482892842
0.011609933531580907
0.011558995382706883
0.011508238216201505
0.011457662203262942
0.01140726750495702
0.011357054271350364
0.011307022640124842
0.01125717273626492
0.011207504671084223
0.011158018542133163
0.011108714432509714
0.01105959241078125
0.011010652530821119
0.010961894831631014
0.010913319337554128
0.010864926057806201
0.010816714987100795
0.010768686105343761
0.010720839378073777
0.010673174756256287
0.010625692176866153
0.010578391562916067
0.010531272823484983
0.010484335854286542
0.0104375805376975
0.010391006743056153
0.010344614326889712
0.010298403133184308
0.010252372993761583
0.010206523728292893
0.010160855144768277
0.010115367039738032
0.010070059198334036
0.01002493139498739
0.00997998339315842
0.009935214946132476
0.009890625796693087
0.009846215677903558
0.009801984313050127
0.009757931415897758
0.009714056691080941
0.009670359834203168
0.009626840532064307
0.009583498463150875
0.009540333297380243
0.009497344696811183
0.00945453231547333
0.009411895799885883
0.00936943478911445
0.009327148914934469
0.00928503780210832
0.009243101068641124
0.009201338325837582
0.00915974917856488
0.009118333225465847
0.009077090059022908
0.00903601926602704
0.008995120427343295
0.008954393118301596
0.00891383690906622
0.008873451364351581
0.008833236043940929
0.008793190502657922
0.008753314290785852
0.008713606953705266
0.008674068032654247
0.008634697064465513
0.00859549358179379
0.008556457113364502
0.008517587184009301
0.0084788833148437
0.008440345023359441
0.008401971823552401
0.008363763226185483
0.008325718738660726
0.00828783786537457
0.008250120107781811
0.008212564964267699
0.008175171930702163
0.008137940500226648
0.008100870163396223
0.00806396040838564
0.008027210721046174
0.007990620585047736
0.007954189481885976
0.00791791689093202
0.007881802289908535
0.007845845154498932
0.007810044958581841
0.0077744011745579655
0.0077389132731795485
0.007703580723671166
0.007668402993964207
0.007633379550540553
0.007598509858816271
0.0075637933827863435
0.007529229585678365
0.007494817929483588
0.007460557875305085
0.007426448883492753
0.007392490413373309
0.0073586819237903
0.007325022872763043
0.007291512717770843
0.007258150915745887
0.007224936923243774
0.007191870196201933
0.007158950190429891
0.007126176361310854
0.007093548164007757
0.007061065053505899
0.007028726484790582
0.006996531912534465
0.006964480791545213
0.006932572576637597
0.006900806722676123
0.00686918268463188
0.006837699917802809
0.0068063578773944755
0.0067751560191311455
0.006744093798971562
0.006713170673272373
0.006682386098525228
0.0066517395320673245
0.006621230431292702
0.00659085825435568
0.006560622459936383
0.006530522507112835
0.006500557855794398
0.006470727966359391
0.006441032300060101
0.006411470318674617
0.006382041484890522
0.006352745261985149
0.006323581114287435
0.0062945485067089635
0.006265646905269762
0.006236875776600925
0.006208234588598316
0.006179722809868338
0.006151339910054787
0.006123085359824643
0.006094958630740166
0.006066959195642596
0.006039086528303983
0.006011340103626139
0.005983719397484322
0.0059562238872032935
0.005928853050896521
0.00590160636816961
0.00587448331961582
0.005847483387128705
0.005820606053902111
0.00579385080420991
0.005767217123811008
0.005740704499487492
0.005714312419620171
0.005688040373598824
0.005661887852433267
0.005635854348312819
0.005609939354791038
0.00558414236692073
0.005558462880962622
0.0055329003946766875
0.005507454407329249
0.00548212441944429
0.005456909933030829
0.005431810451668184
0.0054068254801435955
0.005381954525056187
0.00535719709419169
0.005332552696955872
0.005308020844175587
0.005283601048347464
0.0052592928233039515
0.005235095684511748
0.005211009148887058
0.00518703273498744
0.005163165962841276
0.005139408354025932
0.005115759431703282
0.00509221872066945
0.005068785747248228
0.005045460039127647
0.005022241125992366
0.004999128538841546
0.004976121810287282
0.004953220474590125
0.004930424067630668
0.00490773212679585
0.004885144191248969
0.004862659801638358
0.004840278500253703
0.004817999831054465
0.004795823339513561
0.004773748572937109
0.004751775079995468
0.00472990241128457
0.00470813011866511
0.0046864577559873055
0.004664884878614828
0.004643411043439016
0.004622035809148883
0.0046007587359540025
0.0045795793857905664
0.004558497322264543
0.004537512110417197
0.004516623317272206
0.004495830511210386
0.004475133262403119
0.004454531142464191
0.004434023725039538
0.004413610585046968
0.0043932912991877515
0.004373065445840041
0.004352932605037552
0.004332892358348772
0.004312944288997755
0.004293087982020438
0.004273323023788578
0.004253649002698978
0.004234065508320839
0.004214572132326566
0.004195168467610699
0.004175854108943611
0.004156628652758343
0.0041374916969232345
0.004118442841040348
0.00409948168624652
0.0040806078354904685
0.004061820893213053
0.004043120465297534
0.004024506159538532
0.00400597758525123
0.003987534353186106
0.003969176075919734
0.003950902367499509
0.003932712843656816
0.003914607121608071
0.0038965848200831488
0.003878645559780125
0.0038607889626192105
0.003843014652225918
0.003825322253739216
0.003807711393939428
0.0037901817012482297
0.003772732805423118
0.0037553643379837354
0.0037380759320271295
0.003720867222028801
0.0037037378441553415
0.003686687436044167
0.003669715636924309
0.003652822087595098
0.0036360064303622153
0.0036192683088458466
0.0036026073686628024
0.0035860232564957073
0.0035695156207964374
0.0035530841115090084
0.0035367283799843108
0.003520448079186167
0.003504242863435536
0.0034881123887728904
0.0034720563125318904
0.003456074293637812
0.0034401659924512273
0.0034243310707680052
0.003408569192025368
0.003392880020989253
0.0033772632238395772
0.00336171846844735
0.0033462454238346595
0.003330843760835478
0.003315513151306959
0.0033002532689181407
0.003285063788510456
0.0032699443866022193
0.003254894740834402
0.003239914530681176
0.0032250034365475244
0.003210161140636103
0.0031953873264356503
0.0031806816787280923
0.0031660438838514438
0.003151473629465329
0.0031369706046149304
0.0031225344996883564
0.0031081650067079636
0.0030938618185913924
0.0030796246300752728
0.0030654531370402083
0.003051347036638674
0.003037306027742659
0.003023329810183384
0.0030094180852771046
0.002995570555725635
0.0029817869255523988
0.002968066900109534
0.002954410185935785
0.0029408164910691426
0.0029272855247555185
0.0029138169976334893
0.0029004106216277137
0.0028870661098139294
0.002873783176788436
0.00286056153827019
0.0028474009113921284
0.0028343010143885294
0.0028212615668437024
0.002808282289841202
0.0027953629053172335
0.002782503136799619
0.002769702708803834
0.0027569613473943377
0.0027442787796019275
0.0027316547339211183
0.002719088939869607
0.002706581128350649
0.0026941310314043676
0.0026817383823782848
0.002669402915721264
0.002657124367118513
0.0026449024735200055
0.0026327369731617978
0.002620627605161019
0.002608574110148254
0.0025965762297701644
0.0025846337068173852
0.002572746285402161
0.002560913710830448
0.0025491357293532246
0.002537412088372548
0.0025257425368749864
0.0025141268244723847
0.00250256470221899
0.002491055922305918
0.0024796002378977278
0.0024681974033597953
0.002456847174336474
0.0024455493072821355
0.0024343035601717133
0.002423109691712
0.0024119674619598186
0.0024008766318885932
0.0023898369637862515
0.0023788482208928485
0.002367910167507148
0.0023570225691287305
0.002346185192116934
0.002335397804323236
0.0023246601742812345
0.0023139720716471857
0.0023033332672568463
0.002292743533004682
0.002282202641815445
0.0022717103674310124
0.0022612664849717135
0.0022508707704815833
0.002240523000985206
0.002230222954523242
0.002219970410159533
0.002209765148180054
0.002199606949581323
0.00218949559655357
0.002179430872274679
0.002169412560832029
0.002159440447456973
0.0021495143181766707
0.0021396339603043657
0.0021297991618993706
0.002120009711866544
0.0021102654005247246
0.002100566018810923
0.002090911358699543
0.0020813012132734343
0.0020717353763402002
0.00206221364280168
0.0020527358086397385
0.0020433016703407247
0.0020339110259683935
0.0020245636738707162
0.0020152594138735935
0.0020059980463003058
0.0019967793727531102
0.0019876031954524365
0.0019784693177626878
0.001969377543773021
0.0019603276787591994
0.001951319528522788
0.0019423529000732742
0.0019334276011804263
0.001924543440466664
0.001915700227542061
0.0019068977729403969
0.001898135887905994
0.00188941438460688
0.0018807330761987373
0.001872091776618845
0.0018634903006784498
0.0018549284640201336
0.0018464060831391294
0.0018379229754970083
0.0018294789592232519
0.0018210738534989446
0.0018127074781091324
0.001804379653883359
0.0017960902023403946
0.0017878389459156097
0.0017796257078117605
0.0017714503120203062
0.0017633125836411523
0.0017552123481365811
0.0017471494319920566
0.0017391236625741158
0.0017311348680024707
0.0017231828771784308
0.0017152675196712153
0.0017073886260590143
0.0016995460276731933
0.0016917395564632898
0.0016839690452314926
0.00167623432768238
0.0016685352381813345
0.0016608716118966527
0.0016532432847000678
0.0016456500932946483
0.0016380918751082163
0.0016305684683146637
0.001623079712025799
0.0016156254456944907
0.001608205509903371
0.0016008197458816653
0.0015934679954625608
0.0015861501012750523
0.0015788659067865751
0.0015716152561111585
0.0015643979941586394
0.0015572139662154427
0.0015500630189180242
0.0015429449990023159
0.0015358597542913799
0.001528807133162502
0.00152178698478167
0.0015147991589330445
0.0015078435061681716
0.0015009198776496646
0.001494028125328839
0.0014871681017609717
0.0014803396602758312
0.0014735426548213582
0.001466776940056036
0.0014600423711925714
0.001453338804388693
0.0014466660961076627
0.0014400241039425055
0.0014334126856070384
0.0014268316999093145
0.0014202810061405557
0.0014137604642812107
0.001407269934830424
0.0014008092791470972
0.0013943783591585657
0.0013879770373250722
0.0013816051769026672
0.001375262641694519
0.0013689492961574956
0.0013626650054163747
0.0013564096350791033
0.0013501830516275959
0.0013439851218493004
0.0013378157135477409
0.0013316746946756552
0.0013255619342018576
0.001319477301542804
0.0013134206666123305
0.0013073919001698187
0.0013013908733015
0.0012954174579817845
0.001289471526582986
0.0012835529521240119
0.00127766160812115
0.0012717973688580742
0.0012659601091087325
0.00126014970425814
0.0012543660301673754
0.001248608963507536
0.0012428783811913036
0.0012371741609840115
0.0012314961810773184
0.0012258443203378988
0.0012202184580019093
0.0012146184741297361
0.0012090442491512476
0.0012034956640292194
0.0011979726004511804
0.0011924749404954582
0.0011870025668017092
0.0011815553628338193
0.0011761332120627799
0.0011707359989685528
0.0011653636084290042
0.0011600159256914822
0.0011546928368275644
0.001149394228214362
0.0011441199867903151
0.001138870000154668
0.0011336441561908828
0.0011284423436421775
0.0011232644513512469
0.0011181103690844907
0.0011129799867362067
0.001107873195138609
0.0011027898852091766
0.0010977299487251457
0.0010926932776058607
0.0010876797646801606
0.0010826893029118878
0.0010777217858901622
0.0010727771079288573
0.0010678551634768496
0.0010629558476153989
0.001058079055979988
0.0010532246845755822
0.0010483926300182134
0.0010435827892223415
0.0010387950598342854
0.0010340293396779998
0.0010292855273306145
0.0010245635216676874
0.0010198632220053128
0.0010151845283843386
0.0010105273410090376
0.001005891560637906
0.0010012770885552413
0.000996683826471667
0.000992111676538343
0.000987560541453547
0.0009830303241358251
0.0009785209281858442
0.0009740322575879645
0.000969564216774188
0.0009651167104323122
0.0009606896440672585
0.0009562829232976355
0.0009518964543175912
0.0009475301437404937
0.0009431838986131424
0.0009388576263731352
0.0009345512349625551
0.000930264632700073
0.0009259977283733178
0.0009217504310470304
0.0009175226504254397
0.000913314296447254
0.0009091252796835647
0.0009049555108475715
0.0009008049012280139
0.0008966733625115353
0.0008925608068821589
0.0008884671466162786
0.0008843922948500449
0.000880336164712503
0.000876298669915343
0.0008722797247742164
0.000868279243391612
0.000864297141077941
0.0008603333328736085
0.0008563877346148274
0.0008524602622799193
0.0008485508322948476
0.0008446593615829556
0.0008407857673802255
0.0008369299673702812
0.0008330918794214881
0.0008292714219422237
0.0008254685138240347
0.0008216830740295222
0.0008179150221607756
0.0008141642781680503
0.0008104307621934481
0.0008067143948125022
0.0008030150972189176
0.000799332790613505
0.0007956673967157712
0.0007920188377354975
0.0007883870359677303
0.0007847719143683207
0.0007811733960281231
0.0007775914043861576
0.0007740258634783004
0.0007704766974043764
0.0007669438307544851
0.0007634271885024191
0.0007599266959559259
0.0007564422786217051
0.0007529738625748905
0.0007495213739900919
0.0007460847397027237
0.0007426638864984625
0.0007392587418024732
0.0007358692333241379
0.0007324952889504743
0.0007291368371156182
0.0007257938064100244
0.0007224661259073173
0.0007191537247805968
0.0007158565328353461
0.0007125744799196809
0.0007093074963506751
0.0007060555128575174
0.0007028184603043997
0.0006995962699392066
0.0006963888733579893
0.0006931962024268046
0.0006900181894238244
0.0006868547668119618
0.000683705867459139
0.0006805714244890737
0.0006774513713310171
0.0006743456418405458
0.0006712541700082397
0.0006681768901799501
0.0006651137371775917
0.0006620646458230794
0.0006590295514570244
0.0006560083896971491
0.0006530010963601285
0.0006500076077315953
0.0006470278601256041
0.000644061790396222
0.0006411093355680464
0.0006381704330706839
0.0006352450203834792
0.0006323330355542112
0.0006294344167940835
0.0006265491025132519
0.0006236770315553031
0.0006208181430551463
0.0006179723761974287
0.000615139670820497
0.0006123199665921675
0.0006095132037700068
0.0006067193229171153
0.0006039382646676472
0.000601169970153137
0.0005984143804980135
0.0005956714373382965
0.0005929410824450088
0.0005902232580439204
0.0005875179062897473
0.0005848249700548536
0.0005821443919131752
0.000579476115362354
0.0005768200835376547
0.0005741762403559392
0.0005715445295635391
0.0005689248954539039
0.0005663172824128537
0.0005637216352454288
0.0005611378989129889
0.0005585660184763697
0.0005560059396358952
0.0005534576079355702
0.0005509209694736228
0.000548395970447757
0.0005458825572759451
0.0005433806767456417
0.0005408902758219369
0.0005384113016617675
0.0005359437017773416
0.0005334874238513976
0.0005310424157798366
0.0005286086258919909
0.0005261860024177167
0.0005237744940203015
0.0005213740497822528
0.0005189846186723912
0.0005166061501640229
0.0005142385937730864
0.0005118818993707919
0.000509536016942036
0.0005072008968625141
0.0005048764897566116
0.0005025627461492377
0.000500259617219001
0.000497967054023718
0.0004956850080475306
0.0004934134309664273
0.0004911522747050867
0.0004889014912450307
0.00048666103297989594
0.0004844308524383223
0.0004822109023336907
0.0004800011357346534
0.00047780150580223335
0.00047561196593193245
0.00047343246966846664
0.0004712629710112992
0.0004691034239669989
0.0004669537827624026
0.0004648140018161939
0.0004626840358881168
0.0004605638399297618
0.00045845336886429777
0.0004563525782259603
0.00045426142334292763
0.0004521798600123361
0.0004501078441663253
0.0004480453320141464
0.0004459922796087312
0.0004439486438272411
0.0004419143811631443
0.00043988944862860535
0.00043787380342052984
0.0004358674027429288
0.00043387020419061173
0.0004318821654436533
0.00042990324450187245
0.00042793339929403373
0.00042597258835996854
0.0004240207700476617
0.00042207790307458026
0.0004201439463713541
0.00041821885885440224
0.0004163025999304182
0.0004143951289208303
0.0004124964055876035
0.00041060638966428087
0.0004087250411615173
0.00040685232027470875
0.0004049881873484651
0.0004031326028908211
0.00040128552784324256
0.0003994469228274511
0.0003976167492041327
0.0003957949680213346
0.00039398154088843285
0.00039217642935795993
0.0003903795952524547
0.00038859100058630247
0.000386810607530208
0.00038503837822645437
0.0003832742754710239
0.0003815182617685764
0.0003797702999790431
0.0003780303531470963
0.0003762983844310952
0.00037457435723808885
0.0003728582350603915
0.0003711499817029562
0.00036944956080020575
0.00036775693669710563
0.0003660720732554523
0.00036439493513285015
0.00036272548665294835
0.0003610636925870381
0.00035940951779878105
0.0003577629272584204
0.00035612388617067836
0.000354492359804226
0.00035286831378300576
0.00035125171366701124
0.0003496425252365043
0.00034804071462701813
0.00034644624776802857
0.00034485909105796964
0.0003432792108242211
0.00034170657385601544
0.0003401411466938953
0.0003385828963828885
0.0003370317898969688
0.00033548779438774545
0.0003339508772981503
0.0003324210061137478
0.00033089814847642174
0.0003293822722838513
0.0003278733452276583
0.0003263713356744802
0.00032487621179910775
0.0003233879419042296
0.0003219064946620165
0.0003204318385598981
0.0003189639427034763
0.0003175027757862381
0.00031604830706299936
0.0003146005056819945
0.0003131593412035727
0.00031172478303176376
0.0003102968009400797
0.0003088753646238729
0.0003074604441763995
0.0003060520095701236
0.0003046500311540967
0.00030325447905710234
0.0003018653241042557
0.000300482536786717
0.00029910608779459835
0.00029773594825854843
0.0002963720888757848
0.0002950144812388089
0.00029366309626510656
0.0002923179057319203
0.0002909788809333236
0.00028964599379577294
0.0002883192160254566
0.00028699851954172573
0.00028568387661209727
0.0002843752593122417
0.0002830726400375738
0.00028177599120482455
0.00028048528556468
0.0002792004956262417
0.00027792159452388887
0.0002766485549230424
0.00027538135015703347
0.0002741199534099792
0.00027286433786599673
0.00027161447730605914
0.0002703703450279704
0.00026913191487665244
0.00026789916070413256
0.00026667205641217606
0.0002654505761157111
0.0002642346939794038
0.0002630243843526614
0.00026181962166305084
0.00026062038041629876
0.00025942663531708376
0.00025823836116956045
0.00025705553278498883
0.0002558781253370057
0.0002547061137292417
0.00025353947347639405
0.0002523781796952562
0.00025122220801421236
0.0002500715338698001
0.00024892613314619894
0.0002477859815002148
0.00024665105489418693
0.0002455213293757197
0.0002443967810776826
0.00024327738623242112
0.0002421631212357056
0.00024105396246199007
0.00023994988660547278
0.00023885087036745745
0.0002377568903071392
0.00023666792361609623
0.0002355839471448462
0.0002345049380281239
0.00023343087342198032
0.00023236173071694566
0.00023129748735328803
0.00023023812076417016
0.00022918360874513155
0.0002281339288288109
0.0002270890589386454
0.00022604897705491567
0.00022501366114369148
0.00022398308938420541
0.00022295724005516604
0.00022193609140686021
0.00022091962188142134
0.0002199078101554619
0.00021890063477769672
0.00021789807433947317
0.0002169001079508348
0.00021590671435944842
0.000214917872632725
0.00021393356185939183
0.00021295376134844446
0.00021197845026676987
0.00021100760821468612
0.00021004121456513758
0.00020907924903212916
0.0002081216911093975
0.00020716852076674286
0.00020621971774659187
0.00020527526218927505
0.00020433513394380043
0.00020339931341339934
0.00020246778066024262
0.00020154051601650735
0.00020061750000621714
0.0001996987130752359
0.0001987841359181175
0.0001978737490944127
0.000196967533526049
0.00019606547006389974
0.00019516753948778387
0.00019427372305358404
0.0001933840018182309
0.0001924983570660288
0.0001916167700102278
0.0001907392220488191
0.00018986569472900783
0.00018899616959089371
0.0001881306282811579
0.0001872690524677978
0.00018641142408171163
0.00018555772493300537
0.0001847079370662641
0.00018386204251896743
0.00018302002344938728
0.00018218186198026842
0.000181347540589627
0.00018051704166310856
0.00017969034754372615
0.00017886744084449901
0.00017804830424239526
0.0001772329203930667
0.00017642127218664427
0.00017561334237115034
0.0001748091139859298
0.00017400857004901127
0.00017321169357842336
0.00017241846783377923
0.00017162887611021915
0.00017084290173841055
0.00017006052807033711
0.0001692817386498291
0.00016850651700650587
0.00016773484677656825
0.0001669667117525364
0.00016620209570561428
0.00016544098242832206
0.0001646833559405536
0.00016392920026930824
0.00016317849936342554
0.0001624312375057002
0.0001616873990002432
0.0001609469679735298
0.00016020992895704467
0.0001594762663188476
0.00015874596459752865
0.00015801900833167792
0.00015729538232278628
0.00015657507120891978
0.0001558580597915693
0.00015514433294328
0.0001544338756573893
0.00015372667295565634
0.0001530227097745751
0.0001523219714627544
0.00015162444309169132
0.00015093011000999468
0.0001502389575236407
0.00014955097113755755
0.0001488661363424626
0.0001481844385367026
0.00014750586348100114
0.0001468303968295004
0.00014615802435713476
0.00014548873176778443
0.0001448225051206009
0.00014415933031841632
0.0001434991931645868
0.00014284207998827014
0.0001421879768130907
0.00014153686991136283
0.00014088874549145203
0.00014024358981856722
0.00013960138951318868
0.0001389621307268385
0.0001383258002505272
0.00013769238447736143
0.000137061870120192
0.00013643424389186976
0.0001358094925194564
0.00013518760283659503
0.0001345685617906156
0.00013395235629332092
0.00013333897317124865
0.0001327283997980544
0.00013212062300738125
0.0001315156302510445
0.00013091340856163924
0.0001303139453554536
0.00012971722789956175
0.0001291232436742007
0.00012853198016671286
0.0001279434248502298
0.00012735756534709708
0.00012677438929387108
0.0001261938843768462
0.00012561603836047652
0.0001250408391797464
0.00012446827447121223
0.00012389833232617775
0.00012333100068673275
0.0001227662675731267
0.00012220412114771761
0.00012164454941654412
0.00012108754076933792
0.00012053308331871904
0.00011998116531231062
0.0001194317753530072
0.00011888490162448306
0.00011834053275094902
0.00011779865710792592
0.00011725926341199511
0.00011672234018078598
0.00011618787612377446
0.00011565586004991246
0.00011512628065446506
0.00011459912684586016
0.0001140743874188388
0.00011355205131025059
0.00011303210755642112
0.0001125145452505194
0.00011199935330807875
0.0001114865211135907
0.00011097603760390484
0.00011046789216351272
0.00010996207407032443
0.00010945857259514469
0.00010895737714378129
0.00010845847719309631
0.00010796186214889758
0.00010746752165857743
0.00010697544520610336
0.00010648562245307858
0.00010599804301136828
0.00010551269668468422
0.00010502957319857842
0.0001045486623496572
0.00010406995404821373
0.00010359343824717371
0.00010311910475024888
0.00010264694363826266
0.00010217694501335473
0.00010170909892792679
0.00010124339539885341
0.00010077982482670222
0.00010031837724966408
9.985904306830662e-05
9.940181251266722e-05
9.894667604726237e-05
9.849362391634031e-05
9.804264678336949e-05
9.759373489970358e-05
9.714687896433816e-05
9.670206959100369e-05
9.62592972015841e-05
9.581855273665951e-05
9.537982665364098e-05
9.494310980073806e-05
9.450839303326575e-05
9.40756671710119e-05
9.364492298402638e-05
9.321615146973272e-05
9.27893436610816e-05
9.236449044891515e-05
9.194158292302745e-05
9.152061215900176e-05
9.1101569310581e-05
9.068444544624299e-05
9.026923189736635e-05
8.985591987453745e-05
8.94445006309752e-05
8.903496556200707e-05
8.862730597058999e-05
8.822151332310568e-05
8.781757899356535e-05
8.741549446256158e-05
8.70152513456901e-05
8.661684115907065e-05
8.62202555111935e-05
8.582548608160323e-05
8.543252438641957e-05
8.504136236098248e-05
8.465199161378223e-05
8.426440406594793e-05
8.387859141123499e-05
8.349454556366709e-05
8.311225847279502e-05
8.273172205264245e-05
8.235292823854934e-05
8.197586910085874e-05
8.160053676675716e-05
8.122692318579539e-05
8.085502047094906e-05
8.048482091282949e-05
8.011631665993946e-05
7.974949999578484e-05
7.938436303334129e-05
7.902089814848523e-05
7.865909779525282e-05
7.829895424293909e-05
7.794045986031506e-05
7.758360721510371e-05
7.722838874002491e-05
7.687479683937681e-05
7.652282424430723e-05
7.617246335911432e-05
7.582370697889473e-05
7.547654763584433e-05
7.513097798295121e-05
7.47869908579446e-05
7.444457894223433e-05
7.410373507354961e-05
7.376445188356229e-05
7.342672250132409e-05
7.309053960824485e-05
7.275589624811118e-05
7.242278518759804e-05
7.2091199619706e-05
7.176113240348059e-05
7.143257664665725e-05
7.110552542854975e-05
7.077997186399898e-05
7.045590909626753e-05
7.013333020466916e-05
6.98122285456293e-05
6.949259722688339e-05
6.91744295338026e-05
6.88577187872852e-05
6.854245841481088e-05
6.822864158806397e-05
6.791626172741871e-05
6.76053123598308e-05
6.729578692699079e-05
6.698767880664036e-05
6.668098147599721e-05
6.637568862544185e-05
6.607179381035166e-05
6.576929045110091e-05
6.546817232333524e-05
6.516843303927544e-05
6.487006631061831e-05
6.457306583484979e-05
6.427742532366665e-05
6.398313857403082e-05
6.369019934737707e-05
6.339860162540845e-05
6.310833897771317e-05
6.28194055707354e-05
6.253179510906648e-05
6.224550172362342e-05
6.196051931794955e-05
6.167684173874477e-05
6.139446318087494e-05
6.111337766867564e-05
6.083357914832277e-05
6.0555061928369014e-05
6.0277819976306546e-05
6.0001847536739206e-05
5.972713877611113e-05
5.945368784665561e-05
5.918148907824161e-05
5.891053671547297e-05
5.86408250455861e-05
5.8372348348711967e-05
5.81051009689304e-05
5.783907737111349e-05
5.7574271743021654e-05
5.731067881953322e-05
5.7048292767092335e-05
5.6787108135836206e-05
5.652711946879663e-05
5.626832129479453e-05
5.6010708114229146e-05
5.575427451987025e-05
5.549901514001476e-05
5.524492448927276e-05
5.499199735226057e-05
5.474022830753711e-05
5.44896121397187e-05
5.4240143448680556e-05
5.39918170474607e-05
5.374462767093746e-05
5.349857016767601e-05
5.3253639329398084e-05
5.3009829983352574e-05
5.276713704915892e-05
5.252555529722258e-05
5.228507976795527e-05
5.204570523176244e-05
5.180742682142636e-05
5.157023943525019e-05
5.133413806390763e-05
5.109911784018095e-05
5.086517361263532e-05
5.0632300620634396e-05
5.0400493876168184e-05
5.016974853333522e-05
4.994005976044491e-05
4.971142262633066e-05
4.948383234903986e-05
4.925728426741216e-05
4.90317734289647e-05
4.880729515122084e-05
4.858384468775512e-05
4.836141734188004e-05
4.8140008409802704e-05
4.791961328010075e-05
4.7700227298719255e-05
4.748184576897074e-05
4.7264464214435975e-05
4.704807798106003e-05
4.683268247873684e-05
4.661827323104717e-05
4.640484570472836e-05
4.6192395402044895e-05
4.5980917754206985e-05
4.5770408526379924e-05
4.556086307871965e-05
4.535227713375889e-05
4.5144646200867555e-05
4.493796591731325e-05
4.473223195589071e-05
4.45274399680784e-05
4.432358574746331e-05
4.4120664774993656e-05
4.391867297215413e-05
4.371760602595032e-05
4.351745970865295e-05
4.3318229742794756e-05
4.3119911985911585e-05
4.292250223869587e-05
4.272599644394859e-05
4.25303902531482e-05
4.233567973699337e-05
4.214186073170367e-05
4.194892911613124e-05
4.1756880840182475e-05
4.1565711910607206e-05
4.137541827731184e-05
4.118599591151906e-05
4.099744077734613e-05
4.0809749066283985e-05
4.0622916614552196e-05
4.043693963495798e-05
4.025181419820001e-05
4.006753629681725e-05
3.988410211519522e-05
3.970150786614113e-05
3.951974961324822e-05
3.933882355511287e-05
3.915872582638258e-05
3.897945270381342e-05
3.880100046416146e-05
3.862336519233622e-05
3.844654322904262e-05
3.827053085103671e-05
3.8095324420339693e-05
3.7920920149758786e-05
3.774731435157719e-05
3.7574503380710667e-05
3.7402483648918405e-05
3.723125161059215e-05
3.706080344301199e-05
3.689113572846736e-05
3.672224477213604e-05
3.655412715630746e-05
3.638677925010825e-05
3.6220197529246434e-05
3.60543784836409e-05
3.588931861031597e-05
3.572501459814248e-05
3.556146268124394e-05
3.5398659662178034e-05
3.5236602045074505e-05
3.507528634116852e-05
3.491470919669837e-05
3.475486737158917e-05
3.459575729181097e-05
3.4437375667550896e-05
3.427971924452322e-05
3.4122784583701105e-05
3.3966568459220525e-05
3.381106756705776e-05
3.365627866713794e-05
3.350219828490708e-05
3.334882356398339e-05
3.319615098007489e-05
3.304417737837184e-05
3.289289954722108e-05
3.2742314374445414e-05
3.2592418648391686e-05
3.244320914319587e-05
3.229468286747306e-05
3.2146836495883235e-05
3.199966716493918e-05
3.185317140719235e-05
3.1707346586529184e-05
3.156218933497712e-05
3.141769663272953e-05
3.127386545997979e-05
3.113069287508097e-05
3.09881757445396e-05
3.0846311112497915e-05
3.0705095987570985e-05
3.056452742811189e-05
3.0424602392997713e-05
3.0285318047162946e-05
3.0146671250008694e-05
3.0008659379632263e-05
2.9871279359383607e-05
2.9734528226299517e-05
2.9598403259001316e-05
2.9462901530052932e-05
2.9328020083596584e-05
2.919375624088616e-05
2.9060107081591013e-05
2.8927069777751058e-05
2.8794641615093042e-05
2.8662819751446023e-05
2.853160136595534e-05
2.840098380119116e-05
2.8270964207877114e-05
2.814153987884538e-05
2.8012708085611848e-05
2.78844661210087e-05
2.7756811320500674e-05
2.7629740948498238e-05
2.750325232625528e-05
2.7377342838974528e-05
2.7252009736855598e-05
2.7127250476155496e-05
2.7003062470498662e-05
2.6879442984295565e-05
2.675638939564351e-05
2.6633899281591766e-05
2.6511969878129094e-05
2.6390598783621044e-05
2.626978333353236e-05
2.614952094148748e-05
2.602980915611397e-05
2.591064554735567e-05
2.5792027422255615e-05
2.5673952265492517e-05
2.555641786727847e-05
2.543942146360223e-05
2.5322960745199907e-05
2.5207033175433935e-05
2.509163634556444e-05
2.49767678610624e-05
2.486242534160965e-05
2.4748606158198072e-05
2.463530814367232e-05
2.4522528846659952e-05
2.4410265837104816e-05
2.4298516798637593e-05
2.418727939357268e-05
2.407655128422448e-05
2.3966330054747687e-05
2.385661348114354e-05
2.3747399183093876e-05
2.3638684915283648e-05
2.353046829739469e-05
2.3422747268853072e-05
2.3315519314337507e-05
2.3208782238270942e-05
2.3102533830865468e-05
2.2996771896544033e-05
2.2891494118937317e-05
2.2786698416155104e-05
2.268238235814124e-05
2.2578543948270635e-05
2.2475180891490254e-05
2.2372291098804453e-05
2.2269872353319897e-05
2.2167922445248678e-05
2.2066439349543998e-05
2.196542082799624e-05
2.1864864777398907e-05
2.176476906612379e-05
2.1665131669124094e-05
2.1565950419244473e-05
2.146722316354044e-05
2.136894799775746e-05
2.1271122669475062e-05
2.117374523891158e-05
2.1076813645493075e-05
2.098032579311848e-05
2.0884279670951855e-05
2.07886732539464e-05
2.069350453126617e-05
2.059877154891865e-05
2.0504472232119042e-05
2.04106046197694e-05
2.0317166786298912e-05
2.022415670666078e-05
2.013157239133534e-05
2.0039412014227764e-05
1.9947673521869547e-05
1.9856354960268163e-05
1.976545461701562e-05
1.9674970296534866e-05
1.9584900314839615e-05
1.949524259714508e-05
1.940599536709442e-05
1.931715673464396e-05
1.9228724845277156e-05
1.914069776631777e-05
1.9053073721408964e-05
1.8965850827612485e-05
1.8879027201990084e-05
1.8792601032657785e-05
1.8706570685367296e-05
1.8620934007174128e-05
1.8535689477516826e-05
1.8450835177930003e-05
1.836636949548165e-05
1.8282290298543558e-05
1.8198596116292265e-05
1.811528509421123e-05
1.8032355455943616e-05
1.7949805460659718e-05
1.7867633395951543e-05
1.7785837556516526e-05
1.77044161588924e-05
1.7623367526198308e-05
1.7542689917604548e-05
1.746238172017911e-05
1.7382441079405453e-05
1.730286653156554e-05
1.7223656151088562e-05
1.714480846715105e-05
1.7066321767345016e-05
1.698819434636789e-05
1.691042468365822e-05
1.6833010953121175e-05
1.6755951676827863e-05
1.6679245163686574e-05
1.6602889836292434e-05
1.652688406039715e-05
1.645122618754158e-05
1.6375914789534818e-05
1.6300948075809174e-05
1.6226324625279176e-05
1.6152042732642258e-05
1.6078100991023803e-05
1.6004497695121245e-05
1.5931231416743685e-05
1.5858300450588558e-05
1.5785703503468085e-05
1.5713438820341707e-05
1.5641504973018527e-05
1.5569900455147945e-05
1.5498623724852223e-05
1.542767333972961e-05
1.53570477152698e-05
1.5286745458809037e-05
1.5216765035575008e-05
1.514710498184968e-05
1.5077763883653006e-05
1.5008740142263832e-05
1.4940032471599807e-05
1.4871639251623492e-05
1.4803559189147109e-05
1.4735790834663476e-05
1.4668332710243703e-05
1.4601183352169755e-05
1.4534341453042998e-05
1.4467805542039969e-05
1.440157424070776e-05
1.4335646163488036e-05
1.4270019875084472e-05
1.4204694053887579e-05
1.413966723617932e-05
1.4074938199826192e-05
1.4010505431372167e-05
1.3946367609207755e-05
1.3882523454356033e-05
1.3818971552836956e-05
1.3755710611462746e-05
1.3692739329940196e-05
1.3630056287183834e-05
1.3567660133162462e-05
1.3505549702585995e-05
1.3443723595685242e-05
1.3382180512166997e-05
1.3320919237003181e-05
1.3259938377530034e-05
1.3199236590821783e-05
1.3138812867907745e-05
1.3078665681121038e-05
1.3018793843855292e-05
1.2959196055817301e-05
1.2899871208560398e-05
1.284081780283941e-05
1.2782034850999935e-05
1.2723520981694492e-05
1.266527501542214e-05
1.2607295644784244e-05
1.2549581740017857e-05
1.2492132043462334e-05
1.2434945304562461e-05
1.2378020386449862e-05
1.2321356088307311e-05
1.2264951237739297e-05
1.2208804520241756e-05
1.2152914905527723e-05
1.2097281071987709e-05
1.2041902017756456e-05
1.1986776435435331e-05
1.1931903188155957e-05
1.187728125984222e-05
1.1822909264935788e-05
1.1768786237098539e-05
1.1714910982618676e-05
1.1661282314889831e-05
1.1607899260468457e-05
1.1554760526166774e-05
1.1501865003538114e-05
1.144921171913893e-05
1.139679946504657e-05
1.1344627132814367e-05
1.1292693685049926e-05
1.124099787830346e-05
1.1189538810185695e-05
1.1138315258563125e-05
1.1087326306835621e-05
1.1036570739975105e-05
1.0986047492167472e-05
1.0935755561547467e-05
1.0885693910722694e-05
1.083586131045422e-05
1.0786256950723327e-05
1.0736879630712792e-05
1.068772834145193e-05
1.0638802152129756e-05
1.0590099840612766e-05
1.0541620525827966e-05
1.0493363198804673e-05
1.044532663740938e-05
1.039751013820478e-05
1.0349912450635657e-05
1.0302532700734446e-05
1.0255369822687044e-05
1.020842292831503e-05
1.016169085232832e-05
1.0115172777602766e-05
1.00688675956917e-05
1.0022774439732984e-05
9.97689228654508e-06
